>MOTIF1_2_7_10_0	7
0	0	0	1
0	0	0	1
1	0	0	0
0	1	0	0
1	0	0	0
1	0	0	0
0	1	0	0
<
>MOTIF1_2_7_10_1	7
0	0	0	1
0	0	1	0
0	1	0	0
0	0	1	0
1	0	0	0
1	0	0	0
0	0	0	1
<
>MOTIF1_2_7_10_2	7
1	0	0	0
0	0	0	1
1	0	0	0
1	0	0	0
0	1	0	0
0	1	0	0
0	0	1	0
<
>MOTIF1_2_7_10_3	7
0	1	0	0
1	0	0	0
0	0	0	1
1	0	0	0
0	1	0	0
0	0	0	1
1	0	0	0
<
>MOTIF1_2_7_10_4	7
1	0	0	0
0	0	0	1
1	0	0	0
1	0	0	0
0	1	0	0
1	0	0	0
0	0	0	1
<
>MOTIF1_2_7_10_5	7
0	0	1	0
0	0	1	0
1	0	0	0
0	0	0	1
0	0	0	1
1	0	0	0
1	0	0	0
<
>MOTIF1_2_7_10_6	7
1	0	0	0
0	1	0	0
0	1	0	0
1	0	0	0
1	0	0	0
0	1	0	0
1	0	0	0
<
>MOTIF1_2_7_10_7	7
0	0	1	0
0	0	1	0
1	0	0	0
1	0	0	0
1	0	0	0
1	0	0	0
1	0	0	0
<
>MOTIF1_2_7_10_8	7
1	0	0	0
1	0	0	0
0	0	1	0
0	0	1	0
1	0	0	0
1	0	0	0
0	1	0	0
<
>MOTIF1_2_7_10_9	7
0	0	0	1
0	0	1	0
1	0	0	0
1	0	0	0
1	0	0	0
0	0	1	0
1	0	0	0
<