>MOTIF1_2_8_10_0	8
0	1	0	0
0	1	0	0
0	1	0	0
0	0	1	0
0	1	0	0
1	0	0	0
1	0	0	0
1	0	0	0
<
>MOTIF1_2_8_10_1	8
0	1	0	0
0	0	0	1
0	1	0	0
0	1	0	0
1	0	0	0
0	0	0	1
1	0	0	0
1	0	0	0
<
>MOTIF1_2_8_10_2	8
1	0	0	0
0	0	1	0
1	0	0	0
1	0	0	0
1	0	0	0
0	1	0	0
1	0	0	0
1	0	0	0
<
>MOTIF1_2_8_10_3	8
1	0	0	0
0	0	1	0
1	0	0	0
0	0	1	0
0	1	0	0
1	0	0	0
1	0	0	0
1	0	0	0
<
>MOTIF1_2_8_10_4	8
1	0	0	0
0	1	0	0
1	0	0	0
1	0	0	0
0	0	1	0
1	0	0	0
0	0	0	1
1	0	0	0
<
>MOTIF1_2_8_10_5	8
1	0	0	0
0	0	1	0
1	0	0	0
0	1	0	0
0	0	0	1
0	0	1	0
1	0	0	0
0	0	1	0
<
>MOTIF1_2_8_10_6	8
1	0	0	0
0	0	1	0
0	0	1	0
0	0	1	0
1	0	0	0
0	0	0	1
1	0	0	0
1	0	0	0
<
>MOTIF1_2_8_10_7	8
0	1	0	0
1	0	0	0
1	0	0	0
1	0	0	0
0	1	0	0
1	0	0	0
0	1	0	0
0	0	0	1
<
>MOTIF1_2_8_10_8	8
0	1	0	0
0	0	1	0
1	0	0	0
1	0	0	0
0	0	0	1
1	0	0	0
1	0	0	0
1	0	0	0
<
>MOTIF1_2_8_10_9	8
0	0	0	1
1	0	0	0
1	0	0	0
1	0	0	0
1	0	0	0
0	0	1	0
0	1	0	0
0	1	0	0
<