>MOTIF1_2_8_20_0	8
0	1	0	0
1	0	0	0
1	0	0	0
1	0	0	0
1	0	0	0
1	0	0	0
1	0	0	0
1	0	0	0
<
>MOTIF1_2_8_20_1	8
0	1	0	0
0	1	0	0
0	1	0	0
1	0	0	0
0	0	0	1
0	1	0	0
0	0	1	0
0	1	0	0
<
>MOTIF1_2_8_20_2	8
1	0	0	0
0	0	0	1
0	0	1	0
0	1	0	0
0	1	0	0
1	0	0	0
0	0	1	0
0	1	0	0
<
>MOTIF1_2_8_20_3	8
0	0	1	0
1	0	0	0
0	0	0	1
0	1	0	0
0	0	0	1
0	1	0	0
1	0	0	0
1	0	0	0
<
>MOTIF1_2_8_20_4	8
1	0	0	0
0	0	1	0
1	0	0	0
0	1	0	0
1	0	0	0
0	0	0	1
0	0	0	1
0	1	0	0
<
>MOTIF1_2_8_20_5	8
0	0	1	0
1	0	0	0
1	0	0	0
0	1	0	0
1	0	0	0
1	0	0	0
0	1	0	0
0	0	0	1
<
>MOTIF1_2_8_20_6	8
0	0	1	0
0	1	0	0
1	0	0	0
0	1	0	0
1	0	0	0
1	0	0	0
1	0	0	0
1	0	0	0
<
>MOTIF1_2_8_20_7	8
1	0	0	0
1	0	0	0
1	0	0	0
1	0	0	0
0	0	0	1
1	0	0	0
1	0	0	0
1	0	0	0
<
>MOTIF1_2_8_20_8	8
1	0	0	0
1	0	0	0
1	0	0	0
1	0	0	0
1	0	0	0
0	0	1	0
1	0	0	0
1	0	0	0
<
>MOTIF1_2_8_20_9	8
0	1	0	0
0	0	0	1
0	1	0	0
1	0	0	0
0	1	0	0
0	0	0	1
1	0	0	0
1	0	0	0
<