>MOTIF1_2_6_10_0	6
1	0	0	0
0	1	0	0
0	1	0	0
1	0	0	0
0	0	0	1
1	0	0	0
<
>MOTIF1_2_6_10_1	6
1	0	0	0
0	0	1	0
1	0	0	0
1	0	0	0
1	0	0	0
0	1	0	0
<
>MOTIF1_2_6_10_2	6
1	0	0	0
0	0	0	1
0	1	0	0
0	1	0	0
1	0	0	0
0	0	1	0
<
>MOTIF1_2_6_10_3	6
1	0	0	0
1	0	0	0
1	0	0	0
1	0	0	0
1	0	0	0
0	0	1	0
<
>MOTIF1_2_6_10_4	6
0	1	0	0
0	0	0	1
1	0	0	0
0	1	0	0
1	0	0	0
0	0	0	1
<
>MOTIF1_2_6_10_5	6
0	1	0	0
1	0	0	0
0	1	0	0
0	0	1	0
0	0	1	0
0	0	0	1
<
>MOTIF1_2_6_10_6	6
1	0	0	0
0	1	0	0
1	0	0	0
0	0	1	0
0	1	0	0
0	0	0	1
<
>MOTIF1_2_6_10_7	6
1	0	0	0
0	0	1	0
1	0	0	0
0	1	0	0
1	0	0	0
0	0	0	1
<
>MOTIF1_2_6_10_8	6
0	0	1	0
1	0	0	0
0	0	0	1
1	0	0	0
0	0	0	1
1	0	0	0
<
>MOTIF1_2_6_10_9	6
1	0	0	0
1	0	0	0
1	0	0	0
0	0	1	0
1	0	0	0
1	0	0	0
<