>MOTIF1_2_8_5_0	8
1	0	0	0
1	0	0	0
1	0	0	0
1	0	0	0
1	0	0	0
0	1	0	0
0	1	0	0
1	0	0	0
<
>MOTIF1_2_8_5_1	8
0	1	0	0
0	1	0	0
0	1	0	0
0	0	0	1
1	0	0	0
0	0	1	0
1	0	0	0
1	0	0	0
<
>MOTIF1_2_8_5_2	8
1	0	0	0
0	0	1	0
1	0	0	0
1	0	0	0
0	0	1	0
1	0	0	0
1	0	0	0
0	1	0	0
<
>MOTIF1_2_8_5_3	8
1	0	0	0
1	0	0	0
0	0	0	1
0	0	1	0
1	0	0	0
0	0	1	0
0	0	1	0
1	0	0	0
<
>MOTIF1_2_8_5_4	8
0	0	1	0
1	0	0	0
1	0	0	0
1	0	0	0
1	0	0	0
0	0	1	0
1	0	0	0
0	1	0	0
<
>MOTIF1_2_8_5_5	8
1	0	0	0
0	1	0	0
1	0	0	0
1	0	0	0
1	0	0	0
1	0	0	0
0	0	0	1
1	0	0	0
<
>MOTIF1_2_8_5_6	8
1	0	0	0
0	0	0	1
1	0	0	0
0	0	1	0
1	0	0	0
0	1	0	0
1	0	0	0
1	0	0	0
<
>MOTIF1_2_8_5_7	8
1	0	0	0
0	1	0	0
0	1	0	0
0	1	0	0
1	0	0	0
0	1	0	0
1	0	0	0
1	0	0	0
<
>MOTIF1_2_8_5_8	8
1	0	0	0
1	0	0	0
1	0	0	0
1	0	0	0
0	0	1	0
0	0	0	1
0	1	0	0
0	1	0	0
<
>MOTIF1_2_8_5_9	8
0	1	0	0
0	0	0	1
0	1	0	0
1	0	0	0
0	0	0	1
1	0	0	0
0	0	0	1
0	1	0	0
<